3 4
20 0
15 16
3 21
16 14
23 24
24 11
5 10
0 3
16 10
2 3
20 4
0 13
1 17
3 11
22 13
19 16
14 18
14 4
24 9
8 17
11 12
10 14
23 18
2 3
11 19
4 5
24 22
18 10
13 3
17 12
19 7
16 4
7 13
10 16
9 12
0 21
17 18
16 6
16 7
23 16
7 18
11 23
7 24
1 12
3 11
23 19
16 21
14 11
24 19
6 3
14 3
10 20
15 3
5 6
1 20
7 15
20 6
13 21
3 19
24 0
2 14
20 21
23 12
11 22
18 11
18 21
10 9
6 10
16 23
7 19
23 5
4 17
5 20
13 2
15 6
12 4
21 11
1 15
6 23
24 13
19 20
7 22
8 22
18 9
12 0
11 17
7 23
5 1
8 19
1 11
12 10
2 8
9 13
2 1
5 9
8 21
2 3
11 6
19 9
14 6
4 15
16 11
17 20
3 23
17 11
0 12
7 6
6 20
4 3
8 3
3 18
12 18
12 11
5 23
3 20
7 17
4 6
15 0
6 8
11 15
17 10
8 9
1 23
5 7
0 23
4 9
23 24
16 4
5 18
9 10
10 8
4 23
14 0
7 5
6 24
11 22
10 17
9 20
7 8
21 23
16 17
0 17
17 8
24 8
19 21
12 4
23 1
11 16
8 6
17 18
11 7
0 2
15 20
0 5
4 10
2 23
7 11
13 20
17 22
3 24
12 23
10 13
10 24
7 8
12 11
17 10
6 15
20 10
18 20
10 13
9 22
6 13
0 6
9 8
2 8
20 3
3 13
15 14
23 24
8 24
14 17
21 20
11 20
13 15
10 3
10 15
23 8
3 21
4 13
13 15
15 6
21 3
5 13
0 8
5 7
11 12
15 19
11 16
16 13
22 24
10 7
22 24
21 18
11 23
19 22
12 21
15 20
11 14
5 6
12 18
4 19
21 19
11 23
19 9
21 5
6 7
10 23
0 2
2 13
12 13
10 21
3 16
9 16
13 16
0 13
15 9
12 6
12 8
2 17
24 16
23 12
15 16
14 1
5 22
13 15
19 9
4 18
22 23
8 13
21 15
11 8
2 4
4 16
16 7
1 5
15 9
20 6
24 13
17 18
23 7
13 3
13 0
22 8
5 13
21 7
0 18
1 0
12 10
2 8
18 24
22 14
11 21
5 16
8 13
17 16
1 13
4 15
18 11
4 13
19 12
15 7
16 12
3 20
12 10
0 4
24 6
15 12
13 5
14 5
20 24
17 7
16 22
9 20
20 17
24 22
0 1
6 19
9 22
4 18
19 8
8 5
0 16
12 19
18 8
7 10
11 21
14 12
6 17
14 6
