20 24
14 19
16 23
16 4
11 19
4 15
1 5
14 15
3 18
0 9
22 0
6 10
9 13
1 18
13 21
16 9
16 14
16 22
6 21
8 19
19 17
6 12
20 5
0 23
0 8
13 21
7 0
23 6
14 13
3 22
7 8
2 3
15 12
3 20
22 3
15 22
12 19
20 21
14 10
22 14
23 3
2 23
2 10
16 5
9 10
7 13
16 8
19 20
16 5
18 11
20 17
14 0
17 7
4 9
7 10
21 0
14 16
4 9
8 20
1 15
16 14
13 3
17 18
5 18
17 10
18 23
13 16
4 11
17 22
15 14
1 11
4 15
24 10
9 22
16 4
13 8
15 7
11 21
12 4
17 16
15 1
20 5
10 20
18 19
19 20
12 23
7 6
9 6
2 16
15 16
3 12
2 21
10 3
0 1
22 18
23 9
3 9
11 14
16 18
2 12
24 0
2 4
8 5
8 17
7 0
3 7
20 13
16 23
18 1
9 5
15 23
9 19
10 2
7 6
9 13
4 14
3 12
24 11
12 18
22 18
12 14
23 16
18 10
11 6
1 21
0 1
22 16
24 0
15 4
16 21
23 19
12 0
9 24
4 17
13 2
24 17
13 10
21 0
22 10
13 20
17 21
18 17
3 19
11 0
5 20
18 21
13 3
2 1
2 10
12 18
7 2
7 8
15 9
22 13
24 3
23 11
23 16
6 18
9 12
10 2
14 21
0 20
5 20
3 4
22 7
5 4
1 21
5 20
19 15
3 15
2 20
23 14
11 20
5 12
24 22
15 22
11 12
6 7
24 10
11 24
18 4
18 19
8 22
11 19
20 8
7 23
24 10
14 10
9 14
1 7
16 8
3 6
22 0
19 8
11 6
14 24
20 22
3 6
16 20
2 12
23 12
5 23
20 12
16 1
10 2
12 20
24 4
21 17
13 12
18 16
2 4
9 13
3 5
16 22
0 13
15 8
2 3
0 17
22 10
1 12
24 5
11 15
22 10
18 12
22 23
11 17
8 11
8 1
11 16
18 1
19 9
20 9
19 9
12 17
10 5
23 13
11 4
20 24
19 24
6 5
22 21
19 1
23 22
22 1
18 6
19 20
10 2
14 4
15 4
14 6
15 16
23 5
23 19
5 4
1 9
21 3
21 3
0 9
6 5
1 7
12 16
14 2
2 1
7 8
1 2
24 10
6 22
1 8
22 23
17 7
15 3
1 4
19 24
3 5
20 12
17 1
8 2
14 13
2 4
3 4
0 23
12 1
13 7
24 8
0 15
22 6
8 21
8 22
13 14
4 7
20 0
11 3
15 17
12 13
6 12
18 5
10 4
15 12
2 23
21 12
