q0 1 43
0 5 31
0 6 41
1 2 26
1 0 24
1 6 19
1 7 40
1 5 24
2 3 10
2 1 43
2 7 47
2 8 24
2 6 5
3 4 10
3 2 33
3 8 46
3 9 40
3 7 5
4 3 43
4 9 32
4 8 23
5 6 16
5 0 37
5 10 21
5 11 26
5 1 47
6 7 19
6 5 6
6 1 43
6 11 46
6 12 38
6 10 9
6 2 24
6 0 14
7 8 33
7 6 42
7 2 35
7 12 8
7 13 16
7 11 34
7 3 9
7 1 35
8 9 13
8 7 36
8 3 47
8 13 46
8 14 16
8 12 38
8 4 40
8 2 11
9 8 36
9 4 15
9 14 44
9 13 6
9 3 11
10 11 25
10 5 30
10 15 27
10 16 10
10 6 7
11 12 47
11 10 46
11 6 26
11 16 45
11 17 25
11 15 18
11 7 37
11 5 41
12 13 34
12 11 47
12 7 39
12 17 42
12 18 37
12 16 39
12 8 15
12 6 29
13 14 24
13 12 20
13 8 33
13 18 20
13 19 12
13 17 38
13 9 25
13 7 27
14 13 13
14 9 47
14 19 36
14 18 37
14 8 28
15 16 47
15 10 40
15 20 44
15 21 12
15 11 41
16 17 26
16 15 9
16 11 6
16 21 35
16 22 31
16 20 10
16 12 46
16 10 43
17 18 9
17 16 8
17 12 12
17 22 50
17 23 42
17 21 5
17 13 20
17 11 24
18 19 17
18 17 7
18 13 17
18 23 30
18 24 50
18 22 20
18 14 42
18 12 21
19 18 32
19 14 34
19 24 41
19 23 23
19 13 39
20 21 45
20 15 27
20 16 24
21 22 35
21 20 49
21 16 12
21 17 36
21 15 34
22 23 8
22 21 16
22 17 7
22 18 12
22 16 15
23 24 18
23 22 45
23 18 18
23 19 47
23 17 31
24 23 50
24 19 20
24 18 5
