0 1 848
0 5 17
0 6 28
1 2 262
1 0 41
1 6 30
1 7 13
1 5 46
2 3 783
2 1 27
2 7 21
2 8 30
2 6 24
3 4 20
3 2 47
3 8 41
3 9 28
3 7 8
4 3 26
4 9 22
4 8 36
5 6 500
5 0 24
5 10 18
5 11 28
5 1 27
6 7 382
6 5 30
6 1 9
6 11 44
6 12 7
6 10 24
6 2 27
6 0 20
7 8 326
7 6 32
7 2 44
7 12 25
7 13 11
7 11 15
7 3 39
7 1 15
8 9 967
8 7 30
8 3 30
8 13 10
8 14 41
8 12 41
8 4 7
8 2 24
9 8 41
9 4 7
9 14 10
9 13 33
9 3 49
10 11 43
10 5 32
10 15 46
10 16 8
10 6 48
11 12 497
11 10 8
11 6 27
11 16 32
11 17 45
11 15 11
11 7 33
11 5 19
12 13 653
12 11 38
12 7 43
12 17 40
12 18 26
12 16 9
12 8 5
12 6 46
13 14 976
13 12 33
13 8 48
13 18 9
13 19 49
13 17 18
13 9 41
13 7 17
14 13 18
14 9 47
14 19 28
14 18 11
14 8 38
15 16 537
15 10 17
15 20 31
15 21 47
15 11 50
16 17 778
16 15 24
16 11 32
16 21 43
16 22 26
16 20 25
16 12 24
16 10 23
17 18 265
17 16 34
17 12 16
17 22 12
17 23 27
17 21 22
17 13 20
17 11 37
18 19 493
18 17 43
18 13 12
18 23 30
18 24 29
18 22 27
18 14 46
18 12 24
19 18 41
19 14 24
19 24 32
19 23 7
19 13 18
20 21 133
20 15 18
20 16 9
21 22 436
21 20 42
21 16 26
21 17 24
21 15 5
22 23 342
22 21 32
22 17 16
22 18 13
22 16 33
23 24 256
23 22 36
23 18 29
23 19 12
23 17 21
24 23 5
24 19 49
24 18 15
